[-0.77,		-0.554],
[-0.345,		-0.554],
[-0.406,		-0.182],
[-0.575,		0.554],
[0		,0.554],
[0.169,		0.951],
[0.345,		0.951],
[-0.169,		1.393],
[-0.345,		],
[-0.169,		-1.393],
[0		,0.554],
[-0.345,		-0.554],
[1.074,		-0.951],
[-0.864,		0.951],
[0.376,		-0.554],
[-0.864,		-0.951],
[-0.77,		0.554],
[-0.523,		1.393],
[-0.169,		1.393],
[-0.575,		-0.951],
[0		,1.393],
[0		,1.393],
[0		,0.951],
[0		,1.393],
[-0.523,		0.951],
[-0.575,		1.393],
[0.169,		0.951],
[-0.695,		1.393],
[0		,0.951],
[-0.77,		0.951],
[0		,-0.182],
[0.345,		0.554],
[0		,-0.182],
[0.169,		0.554],
[0.345,		0.554],
[0.169,		-0.182],
[0.864,		-0.554],
[0.345,		-0.951],
[-0.197,		-0.951],
[-0.169,		-1.393],
[-0.169,		-0.182],
[0.197,		-0.951],
[0.181,		-1.393],
[0		,-0.182],
[-0.345	,	0.182],
[0		,-0.951],
[0.197	,	-1.393],
[0.169	,	-0.951],
[0		,-0.951],
[0		,-1.393],
[-0.523	,	-0.182],
[-0.345	,	0.554],
[0		,-0.182],
[0.523	,	-0.182],
[1.074	,	0.182],
[0.169	,	-1.393],
[-0.231	,	-0.182],
[0		,0.951],
[-0.169	,	1.393],
[0		,-1.393],
[0.345	,	-0.951],
[-1.074	,	-0.951],
[0.169	,	0.951],
[0.345	,	-0.182],
[-0.575	,	-0.554],
[0		,-0.182],
[-0.523	,	0.182],
[0.575	,	-0.182],
[0		,0.182],
[0.77	,	-0.182],
[0.197	,	-0.182],
[0.169	,	-0.554],
[-0.345	,	-0.951],
[-0.345	,	0.951],
[-0.523	,	0.182],
[0.77	,	0.182],
[0		,-0.182],
[-0.376	,	-0.182],
[0.523	,	0.554],
[0		,0.951],
[-0.575	,	1.393],
[-0.169	,	0.554],
[0		,0.554],
[0.345	,	-0.182],
[-0.181	,	-1.393],
[0.523	,	1.393],
[-0.169	,	-0.182],
[0.169	,	-0.182],
[0.169	,	-0.554],
[-0.169	,	0.554],
[0.575	,	0.554],
[1.453	,	-0.554],
[0		,-0.951],
[0.197	,	-1.393],
[0.77	,	0.554],
[0.169	,	0.951],
[0		,-0.951],
[0.406	,	-0.554],
[-0.231	,	-0.554],
[-0.575	,	0.182],
[0		,0.554],
[0.77	,	-0.951],
[-0.864	,	-0.951],
[0		,-0.182],
[0.169	,	0.182],
[-0.376	,	0.554],
[-0.864	,	-0.951],
[-0.345	,	0.951],
[-0.169	,	-0.182],
[0.169	,	-0.182],
[0		,1.393],
[-0.376	,	0.951],
[-0.197	,	-0.554],
[-0.197	,	0.554],
[-1.074	,	0.951],
[0.532	,	-0.182],
[0.532	,	-0.182],
[-0.864	,	0.182],
[-0.169	,	1.393],
[0.575	,	0.554],
[0		,-0.182],
[0.575	,	1.393],
[-0.169	,	0.182],
[0		,-0.951],
[-1.074	,	0.951],
[0.169	,	-0.182],
[0		,-0.554],
[-0.77	,	1.393],
[0.181	,	0.182],
[-0.231	,	-1.393],
[-0.169	,	-0.951],
[0.864	,	-0.182],
[0		,-0.182],
[0.77	,	-0.182],
[0		,-1.393],
[0.575	,	-0.951],
[0.575	,	-0.951],
[0.406	,	-1.393],
[0		,-0.951],
[-0.376	,	0.182],
[0		,-0.951],
[0.169	,	0.182],
[0		,-0.554],
[0		,-0.182],
[-0.345	,	-0.182],
[0.406	,	-0.951],
[0.575	,	-0.951],
[-0.864	,	-0.554],
[-0.345	,	0.182],
[0.169	,	0.951],
[1.074	,	-0.554],
[1.453	,	-1.393],
[-1.074	,	-0.182],
[-0.169	,	0.554],
[-0.575	,	-1.393],
[0.169	,	-0.951],
[0		,1.393],
[-0.169	,	-0.554],
[0.169	,	-0.554],
[1.074	,	0.951],
[-0.575	,	0.554],
[0		,0.554],
[0.695	,	-0.951],
[0		,0.182],
[0.169	,	0.554]
