0.389023014986
0.429369282631
0.448466865756
0.36583309262
0.448466865756
0.488813133402
0.488813133402
0.512003055768
0.389023014986
0.512003055768
0.429369282631
0.488813133402
0.512003055768
0.488813133402
0.512003055768
0.488813133402
0.467984175983
0.429369282631
0.488813133402
0.488813133402
0.512003055768
0.488813133402
0.467984175983
0.512003055768
0.467984175983
0.512003055768
0.488813133402
0.467984175983
0.512003055768
0.467984175983
0.488813133402
0.488813133402
0.488813133402
0.488813133402
0.488813133402
0.409851972405
0.448466865756
0.467984175983
0.36583309262
0.512003055768
0.429369282631
0.409851972405
0.512003055768
0.467984175983
0.409851972405
0.448466865756
0.467984175983
0.488813133402
0.467984175983
0.448466865756
0.512003055768
0.448466865756
0.512003055768
0.409851972405
0.467984175983
0.448466865756
0.448466865756
0.467984175983
0.488813133402
0.389023014986
0.389023014986
0.488813133402
0.467984175983
0.448466865756
0.512003055768
0.512003055768
0.512003055768
0.429369282631
0.389023014986
0.448466865756
0.512003055768
0.488813133402
0.448466865756
0.409851972405
0.409851972405
0.429369282631
0.448466865756
0.488813133402
0.429369282631
0.488813133402
